                          2222222222 
                          3        3
                          3        3
           2              3        2
0          2              2        2                                                                                                                                                                                                                                                                                                                             1
2222222    2          22222224432222222222222222222222222222222222222222222222222222222222222222222222222222222222222222222222222222222222222222222222222222222222222222222222222222222222222222222222222222222222222222222222222222222222222222222222222222222222222222222222222222222222222222222222222222222222222222222222222222222222222222222222222222222222
        2          2                           222    2    2   2  22222         2222   2   2         2   2  22222  2   2  2   2    2    2   2                       2      22222  2   2  22222  2       2222         2222   2   2         2   2  22222  2   2  2   2    2    2   2           2    2   2  2222          22222  22222  2      22222  2   2
         2     2                              2      2 2   22 22  2             2   2   2 2           2 2     2     2 2   2   2   2 2   22  2                       2      2      2   2  2      2      2             2   2   2 2           2 2     2     2 2   2   2   2 2   22  2          2 2   22  2  2   2         2      2      2        2     2 2
           2                                 2  22  2 2 2  2 2 2  22222         2222     2             2      2      2    2   2  2 2 2  2 2 2         22222         2      22222   2 2   22222  2       222          2222     2             2      2      2    2   2  2 2 2  2 2 2         2 2 2  2 2 2  2   2         22222  22222  2        2      2
                                              2  2  2   2  2   2  2             2   2    2             2      2     2 2   2   2  2   2  2  22                       2      2       2 2   2      2          2         2   2    2             2      2     2 2   2   2  2   2  2  22         2   2  2  22  2   2         2      2      2        2     2 2
                                               222  2   2  2   2  22222         2222     2             2    22222  2   2   222   2   2  2   2                       22222  22222    2    22222  22222  2222          2222     2             2    22222  2   2   222   2   2  2   2         2   2  2   2  2222          2      22222  22222  22222  2   2